,date,temperature_2m_max,temperature_2m_min,daylight_duration,sunshine_duration,uv_index_max,uv_index_clear_sky_max
0,2026-05-12,29.6,16.9,47094.746,41462.797,8.75,9.7
1,2026-05-13,30.15,18.8,47146.062,44875.453,9.0,9.65
2,2026-05-14,32.3,19.0,47196.434,44867.355,9.7,9.7
3,2026-05-15,33.85,19.65,47245.805,44859.723,9.7,9.7
4,2026-05-16,33.15,18.3,47294.113,45622.168,9.65,9.65
5,2026-05-17,33.2,18.85,47341.305,41788.75,9.1,9.65
6,2026-05-18,32.45,19.45,47387.32,45664.953,9.6,9.6
7,2026-05-19,32.3,19.4,47432.1,45684.723,9.6,9.6
8,2026-05-20,33.1,20.25,47475.582,45743.83,9.6,9.6
9,2026-05-21,32.45,19.1,47517.71,45720.883,9.6,9.6
10,2026-05-22,32.25,20.1,47558.57,45082.21,9.65,9.65
11,2026-05-23,31.1,19.3,47598.484,45848.75,9.6,9.6
12,2026-05-24,33.65,19.3,47637.42,45766.227,9.25,9.6
13,2026-05-25,33.6,18.85,47675.35,46116.965,9.55,9.55
14,2026-05-26,34.3,19.2,47712.24,45852.74,9.6,9.6
15,2026-05-27,32.15,21.25,47748.035,44857.785,9.1,9.6
16,2026-05-28,33.55,18.8,47782.715,45904.074,9.6,9.6
17,2026-05-29,33.85,17.9,47816.227,46377.46,9.65,9.65
18,2026-05-30,35.1,19.5,47848.55,47388.695,9.65,9.65
19,2026-05-31,32.85,20.3,47879.625,47167.71,9.05,9.2
20,2026-06-01,33.1,18.35,47909.43,47448.71,9.25,9.25
21,2026-06-02,32.0,17.75,47937.914,47476.76,9.25,9.25
22,2026-06-03,30.25,18.6,47965.047,47503.445,8.45,9.2
23,2026-06-04,25.0,15.95,47990.79,47528.73,8.55,9.2
24,2026-06-05,25.65,17.0,48015.094,47552.594,9.2,9.2
25,2026-06-06,24.75,16.45,48037.938,47574.977,9.2,9.2
26,2026-06-07,27.3,16.6,48059.266,47595.85,9.1,9.2
27,2026-06-08,26.1,17.2,48079.05,46840.78,9.25,9.25
28,2026-06-09,23.85,17.5,48097.254,46294.117,8.55,9.2
29,2026-06-10,34.606,17.5,48113.836,47642.88,9.2,9.2
